========================================================================================================================
Observation Statistics Comparison (per dimension):
========================================================================================================================
Dim    Mean            Std             Min             Max             | Mean            Std             Min             Max            
       Isaac Gym                                                    | Grand Tour                                                  
------------------------------------------------------------------------------------------------------------------------
0      0.000722        1.121181        -2.526153       2.673719        | 0.016147        0.905206        -2.957359       2.645067       
1      0.021120        1.094801        -2.703177       2.629862        | 0.008379        0.867241        -2.719767       3.017999       
2      -0.005032       0.126964        -1.691543       1.241038        | -0.001517       0.155999        -1.662417       1.174043       
3      -0.000683       0.076728        -0.904072       1.002218        | 0.000682        0.107075        -1.730456       2.126937       
4      0.000250        0.071519        -0.689681       0.579358        | -0.001984       0.106242        -2.325470       1.993433       
5      0.003959        0.213502        -0.694720       0.568434        | 0.003056        0.208953        -1.874498       1.688882       
6      0.005765        0.034605        -0.451201       0.228216        | -0.008167       0.110491        -0.537450       0.565287       
7      -0.004290       0.035321        -0.388074       0.314042        | 0.000806        0.036188        -0.532813       0.452421       
8      -0.999821       0.002634        -1.000000       0.000000        | -0.993063       0.015531        -1.000000       -0.794692      
9      0.005195        1.155228        -1.999507       1.999866        | 0.021016        1.021204        -2.799524       2.938645       
10     0.002311        1.145299        -1.999016       1.999743        | 0.005162        0.971191        -2.753760       2.798136       
11     -0.000219       0.216453        -0.374995       0.374949        | -0.007442       0.052836        -0.349999       0.349987       
12     -0.045570       0.142408        -0.786096       0.611021        | -0.381808       0.089515        -0.812626       0.387522       
13     0.357622        0.150454        -0.729128       1.051285        | 0.444461        0.194925        -0.736637       1.786402       
14     -0.374075       0.183565        -1.009509       1.053608        | -0.545022       0.248381        -2.097258       0.588478       
15     -0.035315       0.121697        -0.785406       0.611204        | 0.419058        0.098872        -0.650000       0.815838       
16     -0.362468       0.158597        -0.919242       1.036498        | 0.374736        0.208681        -0.665522       2.211219       
17     0.350079        0.198344        -1.083286       1.225210        | -0.531590       0.245582        -2.007568       0.675772       
18     0.007235        0.142331        -0.612320       0.785550        | -0.388969       0.087908        -0.816437       0.609494       
19     0.364678        0.142408        -0.783533       0.908227        | -0.193540       0.259460        -1.046160       1.058030       
20     -0.359027       0.174260        -0.880409       1.194899        | 0.491037        0.303610        -0.689074       1.733729       
21     0.026221        0.133977        -0.612522       0.786923        | 0.403083        0.089415        -0.490371       0.821159       
22     -0.326008       0.156407        -1.030615       0.882743        | -0.337060       0.236681        -1.255525       0.936150       
23     0.319247        0.169091        -0.999269       1.250456        | 0.567104        0.279026        -0.778261       1.749045       
24     -0.000372       0.076229        -0.428567       0.439240        | 0.000052        0.032739        -0.383538       0.367655       
25     0.006136        0.083962        -0.757336       0.422409        | -0.000109       0.090389        -0.437552       0.397237       
26     -0.008939       0.148150        -1.383121       1.006504        | 0.000149        0.137339        -0.504541       0.493052       
27     -0.000281       0.068153        -0.474524       0.622763        | -0.000033       0.042158        -0.406812       0.412053       
28     -0.005492       0.081270        -0.810575       0.716873        | -0.000084       0.098218        -0.439133       0.408468       
29     0.007431        0.149576        -1.004590       1.006125        | 0.000062        0.134926        -0.458592       0.491080       
30     0.000262        0.080775        -0.673959       0.427425        | 0.000007        0.035927        -0.313432       0.320050       
31     0.005621        0.077054        -0.826898       0.478000        | -0.000027       0.123260        -0.425368       0.411738       
32     -0.007931       0.137026        -1.075879       1.005019        | 0.000088        0.158029        -0.545378       0.562773       
33     0.000438        0.077171        -0.564721       0.510210        | 0.000006        0.038103        -0.314475       0.353456       
34     -0.006131       0.086335        -0.446566       0.726310        | -0.000033       0.112792        -0.423557       0.424394       
35     0.008453        0.135083        -1.005772       1.271375        | 0.000070        0.150262        -0.528045       0.515768       
========================================================================================================================
Overall Statistics:
  Isaac Gym:
    Mean: -0.029136, Std: 0.232460, Min: -2.703177, Max: 2.673719
  Grand Tour:
    Mean: -0.017647, Std: 0.223732, Min: -2.957359, Max: 3.017999
========================================================================================================================
========================================================================================================================
Action Statistics Comparison (per dimension):
========================================================================================================================
Dim    Mean            Std             Min             Max             | Mean            Std             Min             Max            
       Isaac Gym                                                    | Grand Tour                                                  
------------------------------------------------------------------------------------------------------------------------
0      -0.191090       0.428869        -2.996663       3.123230        | -0.640041       0.244324        -1.570797       1.221731       
1      0.478862        0.509488        -3.633353       4.058304        | 0.995172        0.464236        -2.461106       4.122607       
2      -0.448711       0.769778        -2.945183       4.251232        | -0.306390       1.168715        -4.897982       2.697074       
3      -0.179147       0.410935        -3.116744       3.053419        | 0.607523        0.323471        -1.221731       1.570797       
4      -0.531054       0.475621        -2.435348       3.358268        | 0.908723        0.497113        -2.392533       3.977576       
5      0.433069        0.755488        -3.635124       4.893397        | -0.287987       1.165363        -5.085700       2.513915       
6      0.091491        0.439976        -2.919631       2.878082        | -0.642467       0.236792        -1.570797       1.221731       
7      0.522499        0.472198        -2.785668       2.979084        | -0.729830       0.550275        -2.801352       2.764722       
8      -0.462180       0.714652        -3.131284       3.899798        | 0.308778        1.218997        -3.182946       4.875660       
9      0.145072        0.410503        -2.617179       3.249948        | 0.726383        0.214155        -1.206486       1.570797       
10     -0.452806       0.492177        -3.049874       2.872745        | -0.819791       0.552569        -3.111985       2.451819       
11     0.323790        0.719000        -3.700373       4.009922        | 0.416357        1.164824        -2.796625       4.348962       
========================================================================================================================
Overall Statistics:
  Isaac Gym:
    Mean: -0.022517, Std: 0.549890, Min: -3.700373, Max: 4.893397
  Grand Tour:
    Mean: 0.044702, Std: 0.650070, Min: -5.085700, Max: 4.875660
========================================================================================================================